function [xopt fopt]=parkDistribution()
x=zeros(10,1)
f=[1000 900 0 0 0 0 800 750 0 0];
Aineq=[-1 0 0 0 0 0 0 0 0 0;0 -1 0 0 0 0 0 0 0 0;1 1 0 0 0 0 0 0 0 0;
    -0.206 1.12 0 0 0 0 0 0 0 0;-0.25 -0.25 0 0 -1 0 0 0 0 0;0 0 0 0 0 0 -1 0 0 0;
    0 0 0 0 0 0 1 0 0 0;0 0 0 0 0 0 0 -1 0 0;0 0 0 0 0 0 0 1 0 0;0 0 0 0 0 0 -1 1 0 0;
    0 0 0 0 0 -1 0 0 0 0;0 0 0 0 0 0 0 0 -1 0];
bineq = [-160;-20;280;0;-100;-20;30;-15;25;0;-10;-100];
Aeq=[0.01 0.1 0.08 0.06 0.02 0.04 0 0 0 -1;0 0 -1 0 0 0 0.25 0 0 0;0 0 0 -1 0 0 0 0.2 0 0;
    1 1 1 1 1 1 0 0 0 1;-0.03 -0.4 0 0 1 -0.25 -0.15 -0.1 -1 0];
beq = [0 0 0 400 0];
intcon=[8;9];
lb = zeros(10,1);
ub = [400;400;400;400;400;400;400;400;400;400];
  [xopt,Eopt]=intlinprog(-f,intcon,Aineq,bineq,Aeq,beq,lb,ub)
  fopt=Eopt*(-1)*12*350-2000000*350

